<?xml version="1.0"?>
<opencv_storage>
<calibration_time>"Mon May 28 20:19:32 2018"</calibration_time>
<nr_of_frames>29</nr_of_frames>
<image_width>1280</image_width>
<image_height>720</image_height>
<board_width>9</board_width>
<board_height>6</board_height>
<square_size>2.4500000000000000e+01</square_size>
<fix_aspect_ratio>1.</fix_aspect_ratio>
<!-- flags: +fix_aspectRatio +fix_principal_point +zero_tangent_dist -->
<flags>14</flags>
<fisheye_model>0</fisheye_model>
<camera_matrix type_id="opencv-matrix">
  <rows>3</rows>
  <cols>3</cols>
  <dt>d</dt>
  <data>
    5.9982077680574309e+02 0. 640. 0. 5.9982077680574309e+02 360. 0. 0.
    1.</data></camera_matrix>
<distortion_coefficients type_id="opencv-matrix">
  <rows>5</rows>
  <cols>1</cols>
  <dt>d</dt>
  <data>
    -2.5746422669833297e-01 8.2230821403410898e-02 0. 0.
    -1.2796782640522001e-02</data></distortion_coefficients>
<avg_reprojection_error>5.9806178008217037e-01</avg_reprojection_error>
<per_view_reprojection_errors type_id="opencv-matrix">
  <rows>29</rows>
  <cols>1</cols>
  <dt>f</dt>
  <data>
    5.59400082e-01 5.10159552e-01 5.81319034e-01 5.08218288e-01
    5.51698267e-01 5.12219310e-01 7.96772718e-01 4.97641534e-01
    6.28077030e-01 5.62153161e-01 7.75522292e-01 6.70796990e-01
    5.15047073e-01 5.56136191e-01 5.68747640e-01 6.64510667e-01
    4.79379654e-01 5.52489579e-01 8.79251182e-01 6.98288083e-01
    5.27993560e-01 4.74524915e-01 5.34571528e-01 6.85593843e-01
    6.11571431e-01 6.00054741e-01 5.10463238e-01 5.94542503e-01
    4.98871446e-01</data></per_view_reprojection_errors>
<!-- a set of 6-tuples (rotation vector + translation vector) for each view -->
<extrinsic_parameters type_id="opencv-matrix">
  <rows>29</rows>
  <cols>6</cols>
  <dt>d</dt>
  <data>
    3.7755171902999880e-02 -1.3575668132684699e-02
    1.5450574886282902e+00 9.4762783096868830e+01
    -1.3079595998513048e+02 2.9249198840868138e+02
    -1.0666393331881495e-01 -1.0694074808800023e-01
    1.5656816753974965e+00 5.0065925508217944e+01
    -1.1764483599573701e+02 3.0307180844316838e+02
    -2.8292964420052052e-01 -1.9626938114525413e-01
    1.5744700357114576e+00 -9.0029565813341517e+00
    -9.9147199377856083e+01 3.0965664446686282e+02
    -5.0526881223289899e-01 -3.7393312338048473e-01
    1.5315115427310846e+00 -9.3506854156147071e+01
    -9.4663713495671516e+01 2.8897283506134931e+02
    -5.8988335521841750e-01 -5.0415333285974617e-01
    1.4838640905726959e+00 -1.4103329477945897e+02
    -1.0491434687857397e+02 2.6165658448770353e+02
    -6.0896570880305656e-01 -4.9857667886602158e-01
    1.5045141323288289e+00 -1.3549731820771402e+02
    -8.0084755805104265e+01 2.6523257463194943e+02
    -6.2301004843558694e-01 -4.9855551430158973e-01
    1.4998899903503611e+00 -1.3728710930799457e+02
    -5.1318214775607650e+01 2.6108313094474596e+02
    -5.2689449668001287e-01 -4.7494366099764584e-01
    1.5001484017853188e+00 -1.1537849563334046e+02
    -9.3753430312252789e+01 2.6751590160540331e+02
    9.5226352400388042e-02 2.6336292256189036e-02 1.5111268803590836e+00
    8.5119302963818015e+01 -1.3867995632510784e+02
    2.6963573436584664e+02 3.7520578710004887e-01 4.1634426723222728e-01
    1.4911459760695460e+00 1.9820552705676644e+02
    -1.2892916601094731e+02 2.2490395670938486e+02
    5.1443526888036029e-01 6.0795949825622619e-01 1.5389726644169819e+00
    2.5221603517030357e+02 -1.1354071017827921e+02
    1.7837436054022191e+02 1.0293923590481950e-01 5.9577641569067100e-02
    1.5587643232417192e+00 9.0380934148290208e+01
    -1.4699341484921882e+02 2.6325530841295955e+02
    -2.3653995057584062e-01 1.4208941797210750e-01
    1.5872137100188497e+00 5.2801163796391883e+01
    -6.1796175788108243e+01 3.1087858600747768e+02
    3.6149216642119911e-02 -1.5842742083091443e-02
    1.4940070236446323e+00 7.7870402063029431e+01
    -1.5183337595177804e+02 2.9786146273321282e+02
    -8.3367926388795893e-02 2.9738074078431498e-01
    1.4413346465873296e+00 1.1725299118531814e+02
    -6.6371078918408003e+01 3.2368108936751054e+02
    -4.2764899150165743e-02 4.9182799028829199e-01
    1.3911692578644963e+00 1.6328508257444395e+02
    -4.3738262040196858e+01 3.1270137117570619e+02
    -5.1066321796788047e-03 4.6332114708910416e-01
    1.3653504656318343e+00 1.5987159583153525e+02
    -6.0583529887781189e+01 3.0868980646484562e+02
    -3.2125470307699341e-02 1.1059052184222702e-01
    1.5502728488968287e+00 9.5626421555455124e+01
    -1.1095217667351939e+02 3.0481978190844455e+02
    1.3852849505607115e-01 2.3699164059685923e-01 1.5160198429736298e+00
    1.4843118823798960e+02 -1.2671722162735945e+02
    2.7487573653240702e+02 -1.1012375514140087e-01
    3.1400487083596140e-01 1.5727367519534550e+00 1.2610617857597265e+02
    -5.0230199360212850e+01 3.1090551163204850e+02
    -3.5457968885109542e-01 -1.3695428153639963e-01
    1.5630295865626802e+00 -2.1039435213054436e+01
    -8.6274623721182465e+01 3.2026539155173504e+02
    -5.8437747390748418e-01 -4.2230870723313463e-01
    1.5611858015423481e+00 -1.2024752711161271e+02
    -9.8695124667204084e+01 2.9038307525419549e+02
    -3.3644001803723161e-01 -4.7957043207129194e-02
    1.4931879770783962e+00 -4.9835548496617177e+00
    -6.8393667040726399e+01 3.3089094863290057e+02
    1.9976081741448393e-01 2.0704657814724575e-01 1.6291303735747131e+00
    1.7506760996997079e+02 -1.2844231625662570e+02
    2.6704256826502086e+02 3.4882815893897062e-01 2.8221291012181382e-01
    1.5919181456389757e+00 2.0317819855855552e+02
    -1.4196985391698729e+02 2.3685274774329548e+02
    -2.2658817335237155e-01 -2.8551495051457904e-01
    1.5859325585317614e+00 -2.1255983981258733e+01
    -1.5098862230118885e+02 3.0032694898080217e+02
    1.4572365295086931e-01 5.9579185518176148e-01 1.6158295894909618e+00
    2.3236090689602847e+02 -3.2275066394587299e+01
    2.5763884454771699e+02 -3.8348306848517172e-01
    -3.9943047377180324e-01 1.5093611525510287e+00
    -8.2608852391970160e+01 -1.4041524882008301e+02
    2.7814389713645204e+02 -7.2192069681450519e-02
    -8.9499939895127403e-02 1.5604847123504995e+00
    4.9301026867765522e+01 -1.3952285181886700e+02
    3.0270091030752366e+02</data></extrinsic_parameters>
