<?xml version="1.0"?>
<opencv_storage>
<calibration_time>"Tue Apr 17 11:07:39 2018"</calibration_time>
<nr_of_frames>15</nr_of_frames>
<image_width>4000</image_width>
<image_height>3000</image_height>
<board_width>9</board_width>
<board_height>6</board_height>
<square_size>2.4500000000000000e+01</square_size>
<fix_aspect_ratio>1.</fix_aspect_ratio>
<!-- flags: +fix_aspectRatio +fix_principal_point +zero_tangent_dist -->
<flags>14</flags>
<fisheye_model>0</fisheye_model>
<camera_matrix type_id="opencv-matrix">
  <rows>3</rows>
  <cols>3</cols>
  <dt>d</dt>
  <data>
    1.7605857996169029e+03 0. 2000. 0. 1.7605857996169029e+03 1500. 0.
    0. 1.</data></camera_matrix>
<distortion_coefficients type_id="opencv-matrix">
  <rows>5</rows>
  <cols>1</cols>
  <dt>d</dt>
  <data>
    -2.3539254867344245e-01 6.2351228722341549e-02 0. 0.
    -7.5474525161886973e-03</data></distortion_coefficients>
<avg_reprojection_error>2.9370959355076187e+00</avg_reprojection_error>
<per_view_reprojection_errors type_id="opencv-matrix">
  <rows>15</rows>
  <cols>1</cols>
  <dt>f</dt>
  <data>
    2.12945127e+00 2.73621035e+00 2.75218821e+00 2.74246359e+00
    3.15878105e+00 2.92201090e+00 2.93086314e+00 2.49403453e+00
    2.50420189e+00 2.51506591e+00 3.65728641e+00 3.66974258e+00
    3.56948709e+00 2.95723486e+00 2.83353233e+00</data></per_view_reprojection_errors>
<!-- a set of 6-tuples (rotation vector + translation vector) for each view -->
<extrinsic_parameters type_id="opencv-matrix">
  <rows>15</rows>
  <cols>6</cols>
  <dt>d</dt>
  <data>
    -1.0075720529185468e-01 1.3437403499369341e-01
    1.5154005821995140e+00 8.4073977148959699e+01
    -1.4075360855156200e+02 3.5521833063135983e+02
    -8.6150791987018527e-01 -4.9433554006783359e-01
    1.4413159811914116e+00 -9.4860938290156895e+01
    -7.5057915478435035e+01 2.7774705109765353e+02
    -8.6060274939147652e-01 -4.9613008899940947e-01
    1.4428804546851151e+00 -9.3820310272770683e+01
    -7.6219687062225660e+01 2.7767580877746821e+02
    -8.6222315771857239e-01 -4.9694693491883790e-01
    1.4431679478074821e+00 -9.3929092282546790e+01
    -7.6495926937159851e+01 2.7736108904321986e+02
    -1.1601253186149099e+00 -1.7473212289827469e-01
    1.3954556048919504e+00 -1.4230086420587838e+02
    1.0276649602162596e+01 3.1090953947636211e+02
    -1.1618794724801516e+00 -1.7494022736282178e-01
    1.3952449007529146e+00 -1.4069455226849257e+02
    1.0816052380679627e+01 3.1230522939796577e+02
    -1.1568804717536294e+00 -1.7326509334224210e-01
    1.3972308824695905e+00 -1.3952358189315882e+02
    1.1392910354460875e+01 3.1268335800335365e+02
    -6.7927052898144424e-01 6.2555511183676005e-01
    1.4493078488441806e+00 9.0218274213020010e+01 1.7967448071702137e+01
    3.4583660931517801e+02 -6.7672184700668270e-01
    6.2771106851152669e-01 1.4497014328487485e+00 9.0753773541853633e+01
    1.7799028376706907e+01 3.4547749403821012e+02
    -6.7686902251771330e-01 6.2685948020852422e-01
    1.4511499895043056e+00 9.1153004407635990e+01 1.7117361364655654e+01
    3.4538574392864496e+02 -1.9741817478410287e-01
    9.2837633176399514e-01 1.9204149849822352e+00 1.6497910776640060e+02
    -3.0280242240889066e+01 2.4825482292967874e+02
    -1.9511438819645729e-01 9.2850710838043271e-01
    1.9146635034588873e+00 1.6516691815998931e+02
    -2.9941143808432685e+01 2.4847115048816758e+02
    -1.9745422441474986e-01 9.3104725934492161e-01
    1.9146396316679377e+00 1.6665655748940856e+02
    -2.9090236882390467e+01 2.4819114482622692e+02
    7.9517554284816849e-01 8.8677515740456003e-01 1.3804677682194526e+00
    2.1594587700076747e+02 -1.5111730417482116e+02
    1.7158523740379482e+02 7.9228469298584736e-01 8.8660489691289213e-01
    1.3833401912883605e+00 2.1584283792662424e+02
    -1.4949294658748613e+02 1.7227801743177741e+02</data></extrinsic_parameters>
<image_points type_id="opencv-matrix">
  <rows>15</rows>
  <cols>54</cols>
  <dt>"2f"</dt>
  <data>
    2.39531543e+03 8.36278809e+02 2.40719263e+03 9.39635559e+02
    2.42264697e+03 1.04678784e+03 2.43722559e+03 1.15782715e+03
    2.45065479e+03 1.27465393e+03 2.46148999e+03 1.39766943e+03
    2.47340845e+03 1.52228711e+03 2.48450415e+03 1.64931091e+03
    2.49228516e+03 1.77743628e+03 2.28028345e+03 8.40376709e+02
    2.29499316e+03 9.40351074e+02 2.30623096e+03 1.04921094e+03
    2.31758740e+03 1.16397571e+03 2.33016064e+03 1.27971826e+03
    2.34042896e+03 1.40264368e+03 2.35017114e+03 1.53035608e+03
    2.35886890e+03 1.65768848e+03 2.36806934e+03 1.78816748e+03
    2.16904224e+03 8.40146729e+02 2.17794800e+03 9.43604492e+02
    2.18820947e+03 1.05354102e+03 2.19656177e+03 1.16952576e+03
    2.20644238e+03 1.28669067e+03 2.21536108e+03 1.40879846e+03
    2.22376880e+03 1.53663403e+03 2.23197217e+03 1.66637061e+03
    2.24011768e+03 1.79571509e+03 2.05179102e+03 8.44562317e+02
    2.05949219e+03 9.48705811e+02 2.06667188e+03 1.05983569e+03
    2.07344629e+03 1.17542065e+03 2.08057153e+03 1.29453406e+03
    2.08788037e+03 1.41573975e+03 2.09500293e+03 1.54449268e+03
    2.10241479e+03 1.67306824e+03 2.10908301e+03 1.80495056e+03
    1.93520679e+03 8.55124695e+02 1.94004834e+03 9.54662964e+02
    1.94479346e+03 1.06507556e+03 1.94982385e+03 1.18272375e+03
    1.95542493e+03 1.30151978e+03 1.96078564e+03 1.42460400e+03
    1.96661951e+03 1.55086316e+03 1.97205042e+03 1.68147290e+03
    1.97856702e+03 1.81088892e+03 1.82118726e+03 8.66827515e+02
    1.82268994e+03 9.67702942e+02 1.82372888e+03 1.07347644e+03
    1.82682336e+03 1.18899683e+03 1.83022339e+03 1.31008630e+03
    1.83425269e+03 1.43156970e+03 1.83777979e+03 1.56085144e+03
    1.84325330e+03 1.68671558e+03 1.84832739e+03 1.81947644e+03
    1.42376379e+03 1.04289014e+03 1.42070569e+03 1.18074463e+03
    1.42365015e+03 1.32495691e+03 1.43212341e+03 1.47626868e+03
    1.43998315e+03 1.63455896e+03 1.44521936e+03 1.79852368e+03
    1.45987439e+03 1.96476697e+03 1.47748596e+03 2.13046533e+03
    1.49275488e+03 2.29313477e+03 1.29032471e+03 1.00949274e+03
    1.28958459e+03 1.14773145e+03 1.28674561e+03 1.30034009e+03
    1.28648877e+03 1.46247607e+03 1.29528540e+03 1.62767627e+03
    1.30112634e+03 1.80116516e+03 1.31030237e+03 1.97849780e+03
    1.32700024e+03 2.15349951e+03 1.34909497e+03 2.32738379e+03
    1.15411157e+03 9.65736572e+02 1.14333411e+03 1.11413611e+03
    1.13511230e+03 1.27446912e+03 1.13028125e+03 1.44571179e+03
    1.13320691e+03 1.62063477e+03 1.14144604e+03 1.80355103e+03
    1.14960547e+03 1.99126758e+03 1.16501648e+03 2.17681299e+03
    1.18486572e+03 2.35978955e+03 1.00059137e+03 9.24157837e+02
    9.83351135e+02 1.07929480e+03 9.68980469e+02 1.24706482e+03
    9.59275818e+02 1.42685693e+03 9.56296875e+02 1.61257349e+03
    9.61615173e+02 1.80472180e+03 9.71559692e+02 2.00389575e+03
    9.87194763e+02 2.20067725e+03 1.01007269e+03 2.39493433e+03
    8.33926208e+02 8.88537598e+02 8.13376587e+02 1.04180664e+03
    7.92926758e+02 1.21657312e+03 7.75930786e+02 1.40610535e+03
    7.67299133e+02 1.60197388e+03 7.67253540e+02 1.80537109e+03
    7.76166077e+02 2.01404272e+03 7.92920593e+02 2.22287305e+03
    8.16865051e+02 2.42634155e+03 6.60731995e+02 8.50847473e+02
    6.29804260e+02 1.01275140e+03 6.03799500e+02 1.18530920e+03
    5.81307434e+02 1.38309021e+03 5.66744812e+02 1.58953186e+03
    5.61759460e+02 1.80289941e+03 5.67628479e+02 2.02290442e+03
    5.83875916e+02 2.24067505e+03 6.11193298e+02 2.45639233e+03
    1.42973291e+03 1.03550220e+03 1.42685461e+03 1.17325867e+03
    1.42915625e+03 1.31756238e+03 1.43774304e+03 1.46869250e+03
    1.44498254e+03 1.62738086e+03 1.45033276e+03 1.79136426e+03
    1.46456812e+03 1.95791052e+03 1.48228064e+03 2.12353442e+03
    1.49669739e+03 2.28680396e+03 1.29650354e+03 1.00135095e+03
    1.29557251e+03 1.13983533e+03 1.29278418e+03 1.29210449e+03
    1.29173743e+03 1.45460217e+03 1.30061353e+03 1.61983154e+03
    1.30575159e+03 1.79355737e+03 1.31532471e+03 1.97079224e+03
    1.33143201e+03 2.14630737e+03 1.35322363e+03 2.32035083e+03
